0 72 89 77 2 58 13 69
77 0 69 31 57 93 83 48
52 21 0 62 8 77 32 14
33 1 40 0 72 99 72 59
89 24 1 61 0 12 78 63
36 91 98 79 26 0 28 1
18 77 49 36 98 77 0 45
75 9 59 7 77 65 45 0

begin with D
step0:
33 1 40 0 72 99 72 59
3 3 3 -1 3 3 3 3
step1:
33 1 40 0 35 84 46 49
3 3 3 -1 0 4 0 1
step2:
33 1 36 0 35 47 46 49
3 3 4 -1 0 4 0 1
step3:
33 1 36 0 35 47 46 48
3 3 4 -1 0 4 0 5
step4:
33 1 36 0 35 47 46 48
3 3 4 -1 0 4 0 5
step5:
33 1 36 0 35 47 46 48
3 3 4 -1 0 4 0 5
step6:
33 1 36 0 35 47 46 48
3 3 4 -1 0 4 0 5
step7:
33 1 36 0 35 47 46 48
3 3 4 -1 0 4 0 5