0 55 92 92 87 49 51 1
92 0 62 7 78 32 45 82
78 51 0 81 91 22 8 73
54 100 12 0 24 14 33 62
27 58 54 82 0 50 45 35
99 63 36 56 91 0 9 34
22 20 82 66 37 28 0 22
59 37 95 79 36 7 3 0

begin with A
step0:
0 55 92 92 87 49 51 1
-1 0 0 0 0 0 0 0
step1:
0 10 60 8 2 49 13 1
-1 7 7 7 0 0 0 0
step2:
0 10 20 8 2 8 4 1
-1 7 3 7 0 7 7 0
step3:
0 9 3 8 2 8 4 1
-1 3 4 7 0 7 7 0
step4:
0 9 3 8 2 8 4 1
-1 3 4 7 0 7 7 0
step5:
0 9 3 8 2 8 4 1
-1 3 4 7 0 7 7 0
step6:
0 9 3 8 2 8 4 1
-1 3 4 7 0 7 7 0
step7:
0 9 3 8 2 8 4 1
-1 3 4 7 0 7 7 0

other begin with B:
step0:
92 0 62 7 78 32 45 82
1 -1 1 1 1 1 1 1
step1:
40 0 47 7 57 32 45 33
3 -1 3 1 1 1 1 5
step2:
40 0 19 7 31 21 36 33
3 -1 3 1 3 3 7 5
step3:
40 0 19 7 27 21 36 22
3 -1 3 1 2 3 7 5
step4:
40 0 19 7 27 21 25 22
3 -1 3 1 2 3 7 5
step5:
40 0 19 7 27 21 25 22
3 -1 3 1 2 3 7 5
step6:
40 0 19 7 27 21 25 22
3 -1 3 1 2 3 7 5
step7:
40 0 19 7 27 21 25 22
3 -1 3 1 2 3 7 5